Level, Q, C, X, CycleLength
2, 5, 3, -12, 3
2, 5, 5, -20, 3
2, 5, 7, -28, 3
2, 5, 9, -6, 2
2, 5, 9, -6, 2
2, 5, 9, -36, 3
3, 5, 1, 3, 7
3, 5, 3, -2, 2
3, 5, 5, 15, 7
3, 5, 5, -20, 3
3, 5, 1, 4, 7
3, 5, 3, -2, 2
3, 5, 3, 9, 7
3, 5, 3, -12, 3
3, 5, 3, 12, 7
3, 5, 9, -6, 2
3, 5, 9, -6, 2
3, 5, 9, -6, 2
3, 5, 9, 27, 7
3, 5, 9, -36, 3
3, 5, 7, 21, 7
3, 5, 9, -56, 6
3, 5, 7, -28, 3
3, 5, 9, -6, 2
3, 5, 7, 26, 7
3, 5, 9, 36, 7
3, 5, 9, -6, 2
3, 5, 7, 18, 7
3, 5, 7, 28, 7
4, 5, 3, -2, 2
3, 5, 5, 20, 7
4, 5, 7, -28, 3
4, 5, 3, -2, 2
4, 5, 9, -6, 2
4, 5, 9, -6, 2
4, 5, 9, -6, 2
4, 5, 9, -6, 2
4, 5, 9, -6, 2
4, 5, 5, -20, 3
4, 5, 3, -12, 3
4, 5, 9, -6, 2
4, 5, 9, -36, 3
4, 5, 3, -2, 2
4, 5, 9, -6, 2
4, 5, 9, -6, 2
5, 5, 3, -2, 2
5, 5, 1, 66, 10
5, 5, 1, 17, 10
5, 5, 5, 330, 10
5, 5, 1, 52, 10
5, 5, 5, 85, 10
5, 5, 5, 260, 10
5, 5, 1, -4, 3
5, 5, 5, -20, 3
5, 5, 3, 8, 4
5, 5, 3, -2, 2
5, 5, 3, 198, 10
5, 5, 3, 134, 10
5, 5, 1, 43, 10
5, 5, 3, 51, 10
5, 5, 3, 86, 10
5, 5, 3, -2, 2
5, 5, 3, 156, 10
5, 5, 3, 109, 10
5, 5, 5, 215, 10
5, 5, 3, -12, 3
5, 5, 3, 154, 10
5, 5, 1, 27, 10
5, 5, 3, 61, 10
5, 5, 3, 106, 10
5, 5, 5, 135, 10
5, 5, 7, 462, 10
5, 5, 3, 129, 10
5, 5, 3, 81, 10
5, 5, 7, 119, 10
5, 5, 7, 364, 10
5, 5, 9, -6, 2
5, 5, 9, -6, 2
5, 5, 3, -2, 2
5, 5, 3, -2, 2
5, 5, 7, -28, 3
5, 5, 9, -6, 2
5, 5, 7, 301, 10
5, 5, 9, -6, 2
5, 5, 7, 189, 10
5, 5, 9, -6, 2
5, 5, 9, -6, 2
5, 5, 9, 24, 4
6, 5, 1, -4, 3
6, 5, 3, -2, 2
6, 5, 5, -20, 3
5, 5, 9, -6, 2
5, 5, 9, -6, 2
5, 5, 9, 594, 10
5, 5, 9, 402, 10
5, 5, 9, -56, 6
5, 5, 9, 153, 10
5, 5, 9, 258, 10
5, 5, 9, -6, 2
5, 5, 9, 468, 10
6, 5, 5, -20, 3
5, 5, 9, 327, 10
6, 5, 3, -12, 3
5, 5, 9, -36, 3
5, 5, 9, 462, 10
5, 5, 9, 183, 10
5, 5, 9, 318, 10
6, 5, 1, -4, 3
5, 5, 9, -56, 6
5, 5, 9, 387, 10
5, 5, 9, 243, 10
5, 5, 9, -6, 2
5, 5, 9, -6, 2
6, 5, 3, -2, 2
5, 5, 9, -6, 2
5, 5, 9, -6, 2
6, 5, 3, -12, 3
6, 5, 5, -20, 3
6, 5, 3, -12, 3
6, 5, 7, -28, 3
6, 5, 3, -2, 2
6, 5, 3, -2, 2
6, 5, 3, -2, 2
6, 5, 7, -28, 3
6, 5, 5, -20, 3
6, 5, 3, -12, 3
6, 5, 7, -28, 3
6, 5, 3, -2, 2
6, 5, 3, -2, 2
6, 5, 3, -2, 2
6, 5, 3, -2, 2
6, 5, 5, -20, 3
6, 5, 5, -20, 3
6, 5, 7, -28, 3
6, 5, 3, -12, 3
6, 5, 1, -4, 3
6, 5, 3, -12, 3
6, 5, 5, -20, 3
6, 5, 5, -20, 3
6, 5, 3, -2, 2
6, 5, 7, -28, 3
6, 5, 3, -2, 2
6, 5, 9, -6, 2
6, 5, 9, -6, 2
6, 5, 9, -36, 3
6, 5, 7, -28, 3
6, 5, 9, -6, 2
6, 5, 9, -36, 3
6, 5, 9, -6, 2
6, 5, 9, -6, 2
6, 5, 9, -6, 2
6, 5, 1, -4, 3
6, 5, 9, -36, 3
6, 5, 9, -6, 2
6, 5, 9, -6, 2
6, 5, 9, -6, 2
6, 5, 9, -6, 2
6, 5, 3, -2, 2
6, 5, 3, -12, 3
6, 5, 9, -36, 3
6, 5, 9, -6, 2
6, 5, 9, -6, 2
6, 5, 9, -6, 2
6, 5, 9, -6, 2
6, 5, 9, -6, 2
6, 5, 3, -12, 3
6, 5, 9, -36, 3
6, 5, 9, -36, 3
7, 5, 3, -2, 2
7, 5, 3, -2, 2
7, 5, 3, -2, 2
6, 5, 7, -28, 3
7, 5, 3, -12, 3
7, 5, 1, -4, 3
6, 5, 9, -6, 2
6, 5, 9, -6, 2
6, 5, 9, -6, 2
6, 5, 7, -28, 3
7, 5, 3, -2, 2
6, 5, 9, -6, 2
6, 5, 9, -6, 2
6, 5, 9, -36, 3
7, 5, 5, -20, 3
7, 5, 3, -12, 3
7, 5, 1, -4, 3
6, 5, 9, -6, 2
6, 5, 9, 14, 12
6, 5, 9, 4, 12
7, 5, 3, -2, 2
6, 5, 9, -36, 3
7, 5, 5, -20, 3
7, 5, 3, -2, 2
7, 5, 3, -2, 2
7, 5, 3, -12, 3
7, 5, 7, -28, 3
7, 5, 5, -20, 3
7, 5, 1, -4, 3
7, 5, 7, -28, 3
7, 5, 3, -2, 2
7, 5, 3, -2, 2
7, 5, 7, -28, 3
7, 5, 3, -12, 3
7, 5, 3, -2, 2
7, 5, 5, -20, 3
7, 5, 7, -28, 3
7, 5, 3, -12, 3
7, 5, 3, -12, 3
7, 5, 3, 6, 7
7, 5, 7, -28, 3
7, 5, 5, -20, 3
7, 5, 3, -12, 3
7, 5, 1, -4, 3
7, 5, 7, -28, 3
7, 5, 1, 2, 7
7, 5, 3, -12, 3
7, 5, 5, -20, 3
7, 5, 7, 14, 7
7, 5, 3, -2, 2
7, 5, 5, 10, 7
7, 5, 7, -28, 3
7, 5, 5, -20, 3
7, 5, 7, -28, 3
7, 5, 3, -12, 3
7, 5, 5, -20, 3
7, 5, 1, -4, 3
7, 5, 3, -12, 3
7, 5, 7, -28, 3
7, 5, 1, -4, 3
7, 5, 5, -20, 3
7, 5, 9, -6, 2
7, 5, 9, -6, 2
7, 5, 9, -6, 2
7, 5, 9, -36, 3
7, 5, 7, -28, 3
7, 5, 9, -6, 2
7, 5, 9, -6, 2
7, 5, 9, -36, 3
7, 5, 9, -6, 2
7, 5, 9, -6, 2
7, 5, 9, -6, 2
7, 5, 5, -20, 3
7, 5, 9, -6, 2
7, 5, 9, -6, 2
7, 5, 9, -36, 3
8, 5, 3, -2, 2
7, 5, 9, -6, 2
7, 5, 9, -6, 2
7, 5, 9, -6, 2
7, 5, 9, -6, 2
7, 5, 9, -6, 2
7, 5, 9, -6, 2
8, 5, 3, -12, 3
7, 5, 9, -36, 3
7, 5, 9, -6, 2
7, 5, 9, -6, 2
7, 5, 9, -6, 2
8, 5, 5, -20, 3
7, 5, 9, -6, 2
7, 5, 9, -6, 2
7, 5, 9, -26, 6
8, 5, 1, -4, 3
7, 5, 9, -6, 2
7, 5, 9, -6, 2
7, 5, 9, -6, 2
8, 5, 3, -12, 3
7, 5, 9, -36, 3
8, 5, 3, -2, 2
7, 5, 9, -36, 3
8, 5, 5, -20, 3
7, 5, 9, 18, 7
8, 5, 1, -4, 3
8, 5, 3, -12, 3
7, 5, 9, -56, 6
7, 5, 9, -36, 3
7, 5, 9, -36, 3
7, 5, 9, -6, 2
7, 5, 9, -6, 2
7, 5, 9, -6, 2
7, 5, 9, -6, 2
7, 5, 9, -6, 2
7, 5, 9, -6, 2
7, 5, 9, -6, 2
7, 5, 9, -6, 2
7, 5, 9, -36, 3
7, 5, 9, -6, 2
7, 5, 9, -6, 2
8, 5, 5, -20, 3
7, 5, 9, -36, 3
8, 5, 7, -28, 3
8, 5, 3, 4, 4
8, 5, 7, -28, 3
8, 5, 3, -12, 3
8, 5, 1, -4, 3
8, 5, 7, -28, 3
8, 5, 5, -20, 3
8, 5, 1, 33, 10
8, 5, 3, 99, 10
8, 5, 3, 67, 10
8, 5, 1, 34, 10
8, 5, 5, 165, 10
8, 5, 3, 102, 10
8, 5, 3, 86, 10
8, 5, 1, 52, 10
8, 5, 3, 156, 10
8, 5, 5, 170, 10
8, 5, 7, -28, 3
8, 5, 5, 260, 10
8, 5, 7, 231, 10
8, 5, 3, 218, 10
8, 5, 7, 238, 10
8, 5, 3, -12, 3
8, 5, 3, 77, 10
8, 5, 7, 364, 10
8, 5, 3, 61, 10
8, 5, 3, 106, 10
8, 5, 5, -20, 3
8, 5, 3, -12, 3
8, 5, 1, 27, 10
8, 5, 5, -20, 3
8, 5, 7, -28, 3
8, 5, 1, 27, 10
8, 5, 3, 81, 10
8, 5, 3, 61, 10
8, 5, 3, -12, 3
8, 5, 7, -28, 3
8, 5, 3, 81, 10
8, 5, 5, 135, 10
8, 5, 5, -20, 3
8, 5, 5, 135, 10
8, 5, 3, -12, 3
8, 5, 7, 189, 10
8, 5, 5, -20, 3
8, 5, 7, -28, 3
8, 5, 7, 189, 10
8, 5, 3, 53, 10
8, 5, 3, 86, 10
8, 5, 1, 26, 10
8, 5, 7, -28, 3
8, 5, 3, -12, 3
8, 5, 3, 78, 10
8, 5, 5, -20, 3
8, 5, 5, 130, 10
8, 5, 3, -12, 3
8, 5, 7, -28, 3
8, 5, 3, 8, 4
8, 5, 5, -20, 3
8, 5, 7, 182, 10
8, 5, 9, -6, 2
8, 5, 9, -6, 2
8, 5, 9, -6, 2
8, 5, 9, -6, 2
8, 5, 9, -6, 2
8, 5, 9, -36, 3
8, 5, 3, -12, 3
8, 5, 3, -12, 3
8, 5, 9, -6, 2
8, 5, 9, -6, 2
8, 5, 9, -6, 2
8, 5, 9, -36, 3
8, 5, 9, -6, 2
8, 5, 9, -6, 2
8, 5, 5, -20, 3
8, 5, 9, -6, 2
8, 5, 9, -6, 2
8, 5, 9, -6, 2
8, 5, 5, -20, 3
8, 5, 9, -6, 2
8, 5, 9, -6, 2
8, 5, 9, -6, 2
8, 5, 7, -28, 3
8, 5, 9, -36, 3
8, 5, 9, 14, 12
8, 5, 9, -6, 2
8, 5, 9, -6, 2
8, 5, 9, -6, 2
8, 5, 7, -28, 3
8, 5, 9, -6, 2
8, 5, 9, -6, 2
8, 5, 7, -28, 3
8, 5, 9, -6, 2
8, 5, 9, -6, 2
8, 5, 9, -6, 2
8, 5, 9, -6, 2
8, 5, 9, -6, 2
8, 5, 9, 12, 4
8, 5, 9, -36, 3
9, 5, 3, -12, 3
8, 5, 9, -6, 2
8, 5, 9, -6, 2
8, 5, 9, -6, 2
8, 5, 9, -6, 2
8, 5, 9, -6, 2
8, 5, 9, -6, 2
8, 5, 9, -6, 2
8, 5, 9, -6, 2
8, 5, 9, 297, 10
8, 5, 9, 201, 10
8, 5, 9, 306, 10
9, 5, 5, -20, 3
8, 5, 9, 258, 10
8, 5, 9, -6, 2
8, 5, 9, -6, 2
8, 5, 9, -6, 2
8, 5, 9, -6, 2
8, 5, 9, -6, 2
8, 5, 9, 468, 10
8, 5, 9, 654, 10
9, 5, 3, -12, 3
8, 5, 9, -36, 3
8, 5, 9, 231, 10
8, 5, 9, 183, 10
8, 5, 9, 318, 10
8, 5, 9, -36, 3
9, 5, 5, -20, 3
8, 5, 9, 243, 10
8, 5, 9, 183, 10
8, 5, 9, -36, 3
8, 5, 9, 243, 10
8, 5, 9, -36, 3
8, 5, 9, -6, 2
8, 5, 9, -6, 2
8, 5, 9, -6, 2
8, 5, 9, -6, 2
8, 5, 9, -6, 2
9, 5, 3, -2, 2
8, 5, 9, -6, 2
8, 5, 9, -6, 2
8, 5, 9, -6, 2
8, 5, 9, 159, 10
8, 5, 9, 258, 10
9, 5, 1, -4, 3
9, 5, 3, -12, 3
9, 5, 3, -12, 3
8, 5, 9, -6, 2
8, 5, 9, -6, 2
8, 5, 9, -6, 2
8, 5, 9, -6, 2
8, 5, 9, -6, 2
8, 5, 9, -36, 3
8, 5, 9, -6, 2
8, 5, 9, -6, 2
8, 5, 9, -6, 2
8, 5, 9, 234, 10
9, 5, 5, -20, 3
8, 5, 9, -36, 3
9, 5, 5, -20, 3
8, 5, 9, 24, 4
8, 5, 9, -36, 3
8, 5, 9, -36, 3
9, 5, 7, -28, 3
9, 5, 7, -28, 3
9, 5, 3, -2, 2
9, 5, 3, -2, 2
9, 5, 3, -2, 2
9, 5, 7, -28, 3
9, 5, 7, -28, 3
9, 5, 3, -12, 3
9, 5, 5, -20, 3
9, 5, 3, -2, 2
9, 5, 7, -28, 3
9, 5, 3, -2, 2
9, 5, 3, -2, 2
9, 5, 3, -2, 2
9, 5, 1, -4, 3
9, 5, 3, -12, 3
9, 5, 5, -20, 3
9, 5, 3, -12, 3
9, 5, 5, -20, 3
9, 5, 7, -28, 3
9, 5, 3, -12, 3
9, 5, 5, -20, 3
9, 5, 3, -12, 3
9, 5, 3, -12, 3
9, 5, 3, 3, 7
9, 5, 5, -20, 3
9, 5, 5, -20, 3
9, 5, 5, 5, 7
9, 5, 7, -28, 3
9, 5, 3, -12, 3
9, 5, 7, -28, 3
9, 5, 5, -20, 3
9, 5, 7, -28, 3
9, 5, 7, -28, 3
9, 5, 3, -12, 3
9, 5, 7, 7, 7
9, 5, 3, -2, 2
9, 5, 3, -2, 2
9, 5, 3, -2, 2
9, 5, 5, -20, 3
9, 5, 3, -2, 2
9, 5, 3, -2, 2
9, 5, 3, -2, 2
9, 5, 3, -2, 2
9, 5, 7, -28, 3
9, 5, 7, -28, 3
9, 5, 3, -2, 2
9, 5, 3, -2, 2
9, 5, 3, -2, 2
9, 5, 3, -12, 3
9, 5, 3, -2, 2
9, 5, 3, -2, 2
9, 5, 3, -2, 2
9, 5, 3, -2, 2
9, 5, 5, -20, 3
9, 5, 3, -12, 3
9, 5, 7, -28, 3
9, 5, 5, -20, 3
9, 5, 3, -12, 3
9, 5, 3, -12, 3
9, 5, 5, -20, 3
9, 5, 5, -20, 3
2, 7, 3, 3, 4
2, 7, 5, 5, 4
2, 7, 7, 7, 4
2, 7, 9, -12, 3
2, 7, 9, 9, 4
3, 7, 1, 2, 4
3, 7, 3, -4, 3
3, 7, 3, 6, 4
3, 7, 5, -2, 2
3, 7, 5, 13, 8
3, 7, 5, 10, 4
3, 7, 5, 24, 8
3, 7, 7, 14, 4
3, 7, 9, -12, 3
3, 7, 9, -12, 3
3, 7, 9, -12, 3
3, 7, 9, -12, 3
3, 7, 9, 18, 4
9, 5, 9, -6, 2
9, 5, 9, -6, 2
4, 7, 3, -4, 3
4, 7, 3, -4, 3
4, 7, 3, -4, 3
4, 7, 3, 3, 4
9, 5, 9, -6, 2
4, 7, 5, 5, 4
4, 7, 7, 7, 4
4, 7, 9, -12, 3
4, 7, 9, -12, 3
4, 7, 9, -12, 3
4, 7, 9, -12, 3
4, 7, 9, 9, 4
9, 5, 9, -6, 2
9, 5, 9, -6, 2
4, 7, 9, -12, 3
4, 7, 9, -12, 3
5, 7, 3, -4, 3
5, 7, 3, -4, 3
5, 7, 3, -4, 3
5, 7, 3, -4, 3
5, 7, 3, -4, 3
5, 7, 9, -12, 3
5, 7, 9, -12, 3
5, 7, 9, -12, 3
5, 7, 9, -12, 3
5, 7, 9, -12, 3
5, 7, 9, -12, 3
5, 7, 9, -12, 3
5, 7, 9, -12, 3
9, 5, 9, -6, 2
9, 5, 9, -6, 2
9, 5, 9, -6, 2
9, 5, 9, -36, 3
6, 7, 3, -4, 3
6, 7, 3, -4, 3
6, 7, 5, -2, 2
6, 7, 3, -4, 3
6, 7, 3, -4, 3
6, 7, 9, -12, 3
6, 7, 9, -12, 3
6, 7, 9, -12, 3
9, 5, 9, -6, 2
9, 5, 9, -6, 2
9, 5, 9, -6, 2
6, 7, 9, -12, 3
9, 5, 9, -6, 2
9, 5, 9, -6, 2
6, 7, 9, -12, 3
6, 7, 9, -12, 3
6, 7, 9, -12, 3
6, 7, 9, -12, 3
6, 7, 9, -12, 3
9, 5, 7, -28, 3
6, 7, 9, -12, 3
6, 7, 9, -12, 3
6, 7, 9, -12, 3
9, 5, 9, -36, 3
9, 5, 9, -6, 2
9, 5, 9, -6, 2
9, 5, 9, -6, 2
9, 5, 9, -6, 2
9, 5, 9, -6, 2
9, 5, 9, -6, 2
9, 5, 9, -6, 2
9, 5, 9, -6, 2
7, 7, 3, -4, 3
7, 7, 3, -4, 3
7, 7, 3, -4, 3
7, 7, 3, -4, 3
9, 5, 9, -6, 2
9, 5, 9, -6, 2
9, 5, 9, -6, 2
9, 5, 9, -6, 2
9, 5, 9, -6, 2
7, 7, 3, -4, 3
9, 5, 9, -36, 3
9, 5, 9, -36, 3
9, 5, 7, -28, 3
9, 5, 7, -28, 3
7, 7, 3, -4, 3
7, 7, 9, -12, 3
7, 7, 9, -12, 3
7, 7, 9, -12, 3
7, 7, 9, -12, 3
7, 7, 9, -12, 3
7, 7, 5, -2, 2
7, 7, 9, -12, 3
7, 7, 9, -12, 3
7, 7, 9, -12, 3
7, 7, 9, -12, 3
9, 5, 9, -6, 2
9, 5, 9, -6, 2
9, 5, 9, -6, 2
7, 7, 9, -12, 3
9, 5, 9, -6, 2
9, 5, 9, -6, 2
7, 7, 9, -12, 3
9, 5, 9, -6, 2
9, 5, 9, -6, 2
9, 5, 9, -6, 2
7, 7, 9, -12, 3
7, 7, 9, -12, 3
7, 7, 9, -12, 3
7, 7, 9, -12, 3
7, 7, 9, -12, 3
7, 7, 9, -12, 3
7, 7, 9, -12, 3
9, 5, 9, -6, 2
9, 5, 9, -6, 2
9, 5, 9, -6, 2
9, 5, 9, -6, 2
9, 5, 9, -6, 2
9, 5, 9, -6, 2
9, 5, 9, -6, 2
9, 5, 9, -6, 2
7, 7, 9, -12, 3
7, 7, 9, -12, 3
7, 7, 9, -12, 3
7, 7, 9, -12, 3
7, 7, 9, -12, 3
9, 5, 9, -36, 3
8, 7, 3, -4, 3
8, 7, 3, -4, 3
9, 5, 9, -6, 2
9, 5, 9, -6, 2
9, 5, 9, -6, 2
9, 5, 9, -6, 2
9, 5, 9, -6, 2
9, 5, 9, -6, 2
9, 5, 9, -6, 2
9, 5, 9, -6, 2
9, 5, 9, -6, 2
9, 5, 9, -6, 2
9, 5, 9, -6, 2
9, 5, 9, -6, 2
9, 5, 9, -6, 2
8, 7, 3, -4, 3
9, 5, 9, -56, 6
9, 5, 9, -6, 2
9, 5, 9, -6, 2
9, 5, 9, -6, 2
9, 5, 9, -6, 2
9, 5, 9, -6, 2
9, 5, 9, -6, 2
9, 5, 9, -6, 2
9, 5, 9, -6, 2
8, 7, 3, -4, 3
9, 5, 9, -36, 3
8, 7, 3, -4, 3
9, 5, 9, -36, 3
9, 5, 9, -36, 3
9, 5, 9, -36, 3
9, 5, 9, -36, 3
9, 5, 9, 9, 7
9, 5, 9, -56, 6
9, 5, 9, -36, 3
9, 5, 9, -36, 3
9, 5, 9, -6, 2
9, 5, 9, -6, 2
9, 5, 9, -6, 2
9, 5, 9, -6, 2
9, 5, 9, -6, 2
9, 5, 9, -6, 2
9, 5, 9, -6, 2
9, 5, 9, -6, 2
9, 5, 9, -6, 2
9, 5, 9, -6, 2
9, 5, 9, -6, 2
9, 5, 9, -6, 2
9, 5, 9, -6, 2
8, 7, 3, -4, 3
9, 5, 9, -6, 2
9, 5, 9, -6, 2
9, 5, 9, -6, 2
9, 5, 9, -6, 2
9, 5, 9, -6, 2
9, 5, 9, -6, 2
9, 5, 9, -6, 2
9, 5, 9, -6, 2
9, 5, 9, -36, 3
9, 5, 9, -6, 2
9, 5, 9, -6, 2
9, 5, 9, -6, 2
9, 5, 9, -6, 2
9, 5, 9, -6, 2
8, 7, 3, -4, 3
9, 5, 9, -36, 3
9, 5, 9, -36, 3
9, 5, 9, -36, 3
8, 7, 9, -12, 3
8, 7, 9, -12, 3
8, 7, 9, -12, 3
8, 7, 9, -12, 3
8, 7, 9, -12, 3
8, 7, 9, -12, 3
8, 7, 9, -12, 3
8, 7, 9, -12, 3
8, 7, 9, -12, 3
8, 7, 9, -12, 3
8, 7, 9, -12, 3
8, 7, 9, -12, 3
8, 7, 9, -12, 3
8, 7, 9, -12, 3
8, 7, 9, -12, 3
8, 7, 9, -12, 3
8, 7, 9, -12, 3
8, 7, 9, -12, 3
8, 7, 9, -12, 3
8, 7, 9, -12, 3
8, 7, 9, -12, 3
9, 7, 3, -4, 3
8, 7, 9, -12, 3
9, 7, 3, -4, 3
9, 7, 3, -4, 3
9, 7, 3, -4, 3
8, 7, 9, -12, 3
8, 7, 9, -12, 3
8, 7, 9, -12, 3
9, 7, 3, -4, 3
9, 7, 3, -4, 3
8, 7, 9, -12, 3
9, 7, 3, -4, 3
8, 7, 9, -12, 3
8, 7, 9, -12, 3
8, 7, 9, -12, 3
8, 7, 9, -12, 3
8, 7, 9, -12, 3
8, 7, 9, -12, 3
